0 1 9 
0 18 1313 
1 2 9
1 18 9
2 18 977
2 5 841
3 4 106
3 5 259
4 5 270
5 6 258
5 13 170
5 14 372
5 18 394
6 7 546
6 8 732
6 9 557
6 14 380
7 8 280
7 9 135
7 10 233
8 10 170
9 11 331
9 14 451
9 15 337
10 11 439
10 12 477
11 12 443
11 14 697
11 15 254
11 16 281
11 17 682
12 17 689
13 14 343
13 18 342
13 20 509
14 15 473
14 20 439
15 16 280
15 20 652
15 21 751
16 17 570
16 21 641
16 22 640
16 23 762
17 23 492
17 30 1705
18 19 549
18 20 780
18 30 868
19 20 537
19 30 343
20 21 563
20 24 591
20 30 500
21 22 330
22 23 784
21 24 290
22 25 422
23 25 623
24 25 665
24 30 563
24 27 670
24 28 9
25 28 9
27 28 9
27 29 1446
27 30 9
28 29 9
